100,101;1
60,61,62,63,64,65,66,67,68,69,70,71,72,73,74,75;6
3,4,5,6,7,8,9,10,11,12,13,14,15,16,17;6
75,76,77,78,79,80,81,82,83,84,85,86,87;3
19,20,21,22,23,24,25,26,27,28;6
9,10,11,12,13,14,15,16;3
7,8,9,10,11,12,13,14,15,16,17,18,19,20,21,22,23,24,25,26;2
37,38,39,40,41,42,43,44,45,46,47,48;1
61,62,63,64,65,66,67,68,69,70,71;6
44,45,46,47,48,49,50,51,52,53,54,55;2
67,68,69,70,71,72,73,74,75,76,77,78,79;2
1,2,3,4,5;2
79,80,81,82,83,84,85,86,87,88;1
1,2,3,4,5;3
72,73,74,75,76,77,78,79,80,81,82,83,84,85,86,87;3
22,23,24,25,26,27,28,29,30;3
2,3,4,5,6,7,8,9,10,11,12,13,14,15,16,17,18,19;7
78,79,80,81,82,83,84,85,86,87,88,89,90,91,92,93;4
79,80,81,82,83,84,85,86,87,88,89,90,91,92,93;1
57,58,59,60,61,62,63,64,65,66,67,68,69,70,71;9